<?xml version="1.0"?>
<opencv_storage>
<Q type_id="opencv-matrix">
  <rows>4</rows>
  <cols>4</cols>
  <dt>d</dt>
  <data>
    1. 0. 0. -1.0384888534545898e+03 0. 1. 0. -8.9958347320556641e+01 0.
    0. 0. 9.8627901063924435e+02 0. 0. 1.5284315798247780e-01
    2.9219960278349775e+00</data></Q>
</opencv_storage>
